Multiple size <= 100
TEST 1 ARG:64 32 96 11 67 84 10 52 55 22 36 21 12 66 59 71 46 27 99 95 15 48 78 72 54 40 41 4 43 18 60 39 35 25 79 24 33 69 42 63 29 75 70 31 76 88 44 81 2 92 83 62 56 45 3 98 86 50 9 34 51 13 65 47 19 7 91 20 80 49 94 1 68 90 0 85 53 30 77 89 8 28 26 6 16 93 73 17 97 14 58 37 74 38 5 87 57 82 23 61
TEST 2 ARG:88 66 44 83 36 26 20 81 92 47 77 63 56 51 74 39 93 71 18 62 25 37 6 96 61 65 46 64 15 42 16 86 27 99 59 95 28 69 12 85 40 57 52 68 89 90 29 78 84 45 87 50 43 35 0 24 54 4 14 8 5 17 41 98 97 58 9 30 2 70 34 80 32 73 76 72 67 91 53 13 23 55 60 31 82 19 7 3 48 75 1 11 33 10 79 94 22 49 21 38
TEST 3 ARG:53 7 33 59 88 41 98 64 74 5 49 61 31 28 71 38 60 94 72 58 27 39 81 51 32 8 82 46 63 95 66 47 19 85 42 25 40 89 73 22 57 48 43 92 70 91 36 56 44 14 86 84 34 2 80 18 54 68 65 11 26 6 76 83 12 10 75 29 13 9 99 55 45 67 0 1 52 79 78 21 50 3 37 90 16 69 17 30 23 62 20 4 97 87 35 15 93 96 77 24
TEST 4 ARG:36 0 30 80 59 60 39 57 38 43 9 15 85 22 14 87 97 75 55 12 7 88 64 70 99 86 21 51 26 19 83 35 96 71 24 41 49 78 1 89 53 42 45 67 40 32 68 10 27 61 56 58 74 2 31 84 62 82 79 6 76 93 18 95 33 17 98 34 92 48 90 44 46 8 5 81 37 3 13 23 52 77 91 25 50 63 4 54 29 11 73 65 66 69 72 94 28 47 16 20
TEST 5 ARG:89 85 16 62 12 39 75 40 80 83 49 44 5 51 98 7 71 65 64 60 81 17 35 91 28 0 2 57 78 67 94 24 33 54 77 47 3 30 90 48 15 31 6 84 18 88 45 82 92 79 11 9 46 73 27 4 22 69 95 34 53 72 52 38 59 99 1 8 14 70 43 25 58 29 23 87 68 97 10 21 41 76 36 55 13 61 56 37 32 26 74 86 63 96 50 19 66 20 42 93
TEST 6 ARG:68 33 67 77 18 1 26 38 53 13 39 9 10 46 54 24 80 45 66 65 11 64 41 12 44 71 70 63 29 48 49 50 15 60 0 90 93 75 86 87 92 82 55 69 7 5 43 62 16 28 76 14 59 4 58 51 36 25 78 42 91 61 81 3 83 57 47 32 17 31 85 99 40 97 84 52 96 27 94 95 88 74 73 89 35 21 72 22 6 20 56 23 37 30 2 98 8 19 34 79
TEST 7 ARG:55 72 31 24 99 0 52 88 1 94 44 80 17 84 26 39 15 49 48 73 45 97 68 40 50 75 66 56 79 77 83 62 86 42 23 19 30 28 47 98 78 22 90 82 65 63 61 54 87 7 20 74 35 16 25 59 21 64 12 53 51 29 81 37 14 96 91 3 5 71 67 9 18 13 93 43 36 60 58 85 57 6 8 69 95 41 10 76 11 89 27 70 2 4 38 32 46 34 33 92
TEST 8 ARG:53 52 21 59 74 80 82 32 66 56 57 71 78 75 35 61 48 58 70 34 26 28 11 97 72 76 13 30 16 9 62 49 88 50 2 10 0 31 33 55 54 95 67 12 19 84 23 90 65 86 7 42 1 25 40 44 24 60 51 93 37 89 38 68 41 17 79 22 73 99 46 36 27 83 96 77 47 81 43 45 92 94 98 20 29 14 85 15 3 39 5 69 8 4 91 18 87 63 64 6
TEST 9 ARG:44 48 15 47 86 8 71 76 30 81 85 22 6 88 11 65 58 16 27 59 51 87 41 4 64 36 50 13 83 84 67 57 56 68 3 78 54 53 89 82 75 21 80 40 25 20 96 31 5 38 34 1 46 99 69 37 45 18 91 79 60 49 62 28 95 9 61 93 7 98 33 52 74 24 90 77 94 63 19 39 70 66 0 26 92 17 23 42 12 73 10 35 29 2 43 72 32 97 14 55
TEST 10 ARG:94 52 7 29 64 68 58 95 28 69 39 0 96 62 46 86 79 59 83 82 78 4 34 20 63 47 6 37 27 40 84 74 51 32 81 44 73 77 75 38 8 13 88 9 2 26 41 66 98 12 11 80 91 90 35 25 93 16 54 23 70 24 92 18 71 50 48 72 19 15 53 57 43 56 49 5 65 3 1 42 22 33 61 87 60 17 99 30 76 55 36 45 10 85 31 14 97 21 89 67
TEST 11 ARG:29 97 91 34 43 7 38 77 55 30 45 20 56 62 21 76 23 28 54 86 88 4 50 1 33 40 32 80 13 81 18 59 58 73 83 35 15 53 87 0 89 51 63 12 71 10 44 60 14 67 8 79 16 22 41 46 49 92 39 37 85 95 82 47 70 25 3 2 52 42 78 5 64 61 11 98 48 27 93 66 26 90 31 17 9 99 96 94 57 69 74 65 68 75 19 72 24 6 36 84
TEST 12 ARG:2 81 80 88 29 86 51 7 23 94 74 1 5 90 65 42 46 15 72 13 36 12 18 20 11 96 64 70 32 73 30 98 33 89 59 67 83 14 97 84 35 3 8 9 58 40 16 49 69 99 4 26 82 39 60 27 31 52 54 61 95 63 37 24 38 66 25 77 34 53 48 44 17 0 75 93 19 87 41 10 85 28 79 76 21 56 22 92 43 62 91 57 78 68 47 50 71 6 45 55
TEST 13 ARG:33 53 49 93 44 83 59 20 90 69 40 45 22 60 34 27 31 10 63 84 42 79 57 68 92 23 73 72 12 26 3 99 1 39 66 70 61 56 7 35 52 36 51 24 38 37 75 8 11 50 55 28 29 5 87 67 88 77 86 46 0 95 17 6 14 91 78 96 9 13 76 4 19 2 18 98 80 62 94 81 58 54 74 16 85 41 64 30 89 25 32 97 82 15 43 48 21 47 71 65
TEST 14 ARG:37 63 33 61 31 40 73 26 39 93 76 20 49 88 12 24 0 9 75 32 51 38 4 56 82 19 99 45 48 1 97 65 68 81 96 87 34 84 95 74 2 86 54 83 60 85 5 70 15 23 21 46 3 41 29 35 16 71 44 78 11 98 30 59 77 62 52 79 72 89 25 7 18 64 91 50 14 42 36 28 57 55 27 92 13 69 8 66 10 67 80 53 43 90 58 94 17 6 47 22
TEST 15 ARG:67 39 61 21 86 30 93 38 41 63 77 55 85 60 79 49 84 4 65 23 70 28 99 90 68 58 17 18 48 14 56 19 16 72 97 29 40 15 33 7 89 88 32 83 36 34 35 25 62 66 26 59 69 76 20 11 27 6 74 22 1 44 45 42 96 91 95 94 43 82 46 24 5 81 75 87 12 78 37 50 8 13 73 98 2 92 80 64 53 52 71 0 10 31 9 51 57 54 3 47
